{
  "clean_acc": 47.97999954223633,
  "bd_acc": 47.03999710083008,
  "cross_acc": 40.38999938964844
}